Learning Rate  0.1
Trained Parameters
Hidden Units in a Single layer  5
Accuracy on Training Set  54.28228708516593 %
Training Confusion Matrix
[[8956 3537    0    0    0    0    0    0    0    0]
 [5979 4620    0    0    0    0    0    0    0    0]
 [ 469  737    0    0    0    0    0    0    0    0]
 [ 282  231    0    0    0    0    0    0    0    0]
 [  57   36    0    0    0    0    0    0    0    0]
 [  43   11    0    0    0    0    0    0    0    0]
 [  15   21    0    0    0    0    0    0    0    0]
 [   3    3    0    0    0    0    0    0    0    0]
 [   4    1    0    0    0    0    0    0    0    0]
 [   4    1    0    0    0    0    0    0    0    0]]
Accuracy on Test Set  53.2605 %
Confusion Matrix for Test Set
[[351580 149629      0      0      0      0      0      0      0      0]
 [241473 181025      0      0      0      0      0      0      0      0]
 [ 19468  28154      0      0      0      0      0      0      0      0]
 [ 11893   9228      0      0      0      0      0      0      0      0]
 [  2268   1617      0      0      0      0      0      0      0      0]
 [  1458    538      0      0      0      0      0      0      0      0]
 [   516    908      0      0      0      0      0      0      0      0]
 [   122    108      0      0      0      0      0      0      0      0]
 [     8      4      0      0      0      0      0      0      0      0]
 [     2      1      0      0      0      0      0      0      0      0]]
Trained Parameters
Hidden Units in a Single layer  10
Accuracy on Training Set  59.62015193922431 %
Training Confusion Matrix
[[9462 3031    0    0    0    0    0    0    0    0]
 [5150 5449    0    0    0    0    0    0    0    0]
 [ 436  770    0    0    0    0    0    0    0    0]
 [ 202  311    0    0    0    0    0    0    0    0]
 [  15   78    0    0    0    0    0    0    0    0]
 [  44   10    0    0    0    0    0    0    0    0]
 [  10   26    0    0    0    0    0    0    0    0]
 [   2    4    0    0    0    0    0    0    0    0]
 [   1    4    0    0    0    0    0    0    0    0]
 [   3    2    0    0    0    0    0    0    0    0]]
Accuracy on Test Set  58.215799999999994 %
Confusion Matrix for Test Set
[[371853 129355      0      0      0      1      0      0      0      0]
 [212186 210305      0      0      0      7      0      0      0      0]
 [ 17561  30061      0      0      0      0      0      0      0      0]
 [  8577  12544      0      0      0      0      0      0      0      0]
 [   959   2926      0      0      0      0      0      0      0      0]
 [  1544    452      0      0      0      0      0      0      0      0]
 [   523    901      0      0      0      0      0      0      0      0]
 [    94    136      0      0      0      0      0      0      0      0]
 [     3      9      0      0      0      0      0      0      0      0]
 [     0      3      0      0      0      0      0      0      0      0]]
Trained Parameters
Hidden Units in a Single layer  15
Accuracy on Training Set  70.49180327868852 %
Training Confusion Matrix
[[10452  2041     0     0     0     0     0     0     0     0]
 [ 3421  7178     0     0     0     0     0     0     0     0]
 [  165  1041     0     0     0     0     0     0     0     0]
 [  102   411     0     0     0     0     0     0     0     0]
 [   45    48     0     0     0     0     0     0     0     0]
 [   40    14     0     0     0     0     0     0     0     0]
 [    8    28     0     0     0     0     0     0     0     0]
 [    3     3     0     0     0     0     0     0     0     0]
 [    3     2     0     0     0     0     0     0     0     0]
 [    5     0     0     0     0     0     0     0     0     0]]
Accuracy on Test Set  69.1946 %
Confusion Matrix for Test Set
[[414778  86431      0      0      0      0      0      0      0      0]
 [145330 277168      0      0      0      0      0      0      0      0]
 [  7454  40168      0      0      0      0      0      0      0      0]
 [  4993  16128      0      0      0      0      0      0      0      0]
 [  2177   1708      0      0      0      0      0      0      0      0]
 [  1688    308      0      0      0      0      0      0      0      0]
 [   272   1152      0      0      0      0      0      0      0      0]
 [    60    170      0      0      0      0      0      0      0      0]
 [     7      5      0      0      0      0      0      0      0      0]
 [     2      1      0      0      0      0      0      0      0      0]]
Trained Parameters
Hidden Units in a Single layer  20
Accuracy on Training Set  82.34706117552979 %
Training Confusion Matrix
[[11439  1054     0     0     0     0     0     0     0     0]
 [ 1443  9156     0     0     0     0     0     0     0     0]
 [   61  1145     0     0     0     0     0     0     0     0]
 [   39   474     0     0     0     0     0     0     0     0]
 [   55    38     0     0     0     0     0     0     0     0]
 [   44    10     0     0     0     0     0     0     0     0]
 [    4    32     0     0     0     0     0     0     0     0]
 [    1     5     0     0     0     0     0     0     0     0]
 [    4     1     0     0     0     0     0     0     0     0]
 [    0     5     0     0     0     0     0     0     0     0]]
Accuracy on Test Set  80.8413 %
Confusion Matrix for Test Set
[[451171  50038      0      0      0      0      0      0      0      0]
 [ 65255 357242      0      0      1      0      0      0      0      0]
 [  3004  44618      0      0      0      0      0      0      0      0]
 [  2035  19086      0      0      0      0      0      0      0      0]
 [  2829   1056      0      0      0      0      0      0      0      0]
 [  1806    190      0      0      0      0      0      0      0      0]
 [   140   1284      0      0      0      0      0      0      0      0]
 [    21    209      0      0      0      0      0      0      0      0]
 [     9      3      0      0      0      0      0      0      0      0]
 [     0      3      0      0      0      0      0      0      0      0]]
Trained Parameters
Hidden Units in a Single layer  25
Accuracy on Training Set  84.5501799280288 %
Training Confusion Matrix
[[11794   699     0     0     0     0     0     0     0     0]
 [ 1247  9352     0     0     0     0     0     0     0     0]
 [   79  1127     0     0     0     0     0     0     0     0]
 [   60   453     0     0     0     0     0     0     0     0]
 [   59    34     0     0     0     0     0     0     0     0]
 [   46     8     0     0     0     0     0     0     0     0]
 [    5    31     0     0     0     0     0     0     0     0]
 [    0     6     0     0     0     0     0     0     0     0]
 [    4     1     0     0     0     0     0     0     0     0]
 [    5     0     0     0     0     0     0     0     0     0]]
Accuracy on Test Set  83.3719 %
Confusion Matrix for Test Set
[[463867  37342      0      0      0      0      0      0      0      0]
 [ 52646 369852      0      0      0      0      0      0      0      0]
 [  3460  44162      0      0      0      0      0      0      0      0]
 [  2286  18835      0      0      0      0      0      0      0      0]
 [  2967    918      0      0      0      0      0      0      0      0]
 [  1813    183      0      0      0      0      0      0      0      0]
 [   272   1152      0      0      0      0      0      0      0      0]
 [    57    173      0      0      0      0      0      0      0      0]
 [     8      4      0      0      0      0      0      0      0      0]
 [     0      3      0      0      0      0      0      0      0      0]]

