Learning Rate  0.1
Trained Parameters
Hidden Units in 2 Hideen layer  5
Accuracy on Training Set  50.207916833266694 %
Training Confusion Matrix
[[12145   348     0     0     0     0     0     0     0     0]
 [10187   412     0     0     0     0     0     0     0     0]
 [ 1160    46     0     0     0     0     0     0     0     0]
 [  489    24     0     0     0     0     0     0     0     0]
 [   86     7     0     0     0     0     0     0     0     0]
 [   52     2     0     0     0     0     0     0     0     0]
 [   34     2     0     0     0     0     0     0     0     0]
 [    6     0     0     0     0     0     0     0     0     0]
 [    5     0     0     0     0     0     0     0     0     0]
 [    5     0     0     0     0     0     0     0     0     0]]
Accuracy on Test Set  50.044599999999996 %
Confusion Matrix for Test Set
[[485140  16069      0      0      0      0      0      0      0      0]
 [407192  15306      0      0      0      0      0      0      0      0]
 [ 45845   1777      0      0      0      0      0      0      0      0]
 [ 20242    879      0      0      0      0      0      0      0      0]
 [  3641    244      0      0      0      0      0      0      0      0]
 [  1891    105      0      0      0      0      0      0      0      0]
 [  1373     51      0      0      0      0      0      0      0      0]
 [   220     10      0      0      0      0      0      0      0      0]
 [    10      2      0      0      0      0      0      0      0      0]
 [     2      1      0      0      0      0      0      0      0      0]]
Trained Parameters
Hidden Units in 2 Hideen layer  10
Accuracy on Training Set  59.660135945621754 %
Training Confusion Matrix
[[9567 2926    0    0    0    0    0    0    0    0]
 [5245 5354    0    0    0    0    0    0    0    0]
 [ 384  822    0    0    0    0    0    0    0    0]
 [ 148  365    0    0    0    0    0    0    0    0]
 [  69   24    0    0    0    0    0    0    0    0]
 [  40   14    0    0    0    0    0    0    0    0]
 [   8   28    0    0    0    0    0    0    0    0]
 [   2    4    0    0    0    0    0    0    0    0]
 [   4    1    0    0    0    0    0    0    0    0]
 [   3    2    0    0    0    0    0    0    0    0]]
Accuracy on Test Set  58.496700000000004 %
Confusion Matrix for Test Set
[[377323 123886      0      0      0      0      0      0      0      0]
 [214854 207644      0      0      0      0      0      0      0      0]
 [ 16156  31466      0      0      0      0      0      0      0      0]
 [  6499  14622      0      0      0      0      0      0      0      0]
 [  2760   1125      0      0      0      0      0      0      0      0]
 [  1494    502      0      0      0      0      0      0      0      0]
 [   269   1155      0      0      0      0      0      0      0      0]
 [    35    195      0      0      0      0      0      0      0      0]
 [     9      3      0      0      0      0      0      0      0      0]
 [     1      2      0      0      0      0      0      0      0      0]]
Trained Parameters
Hidden Units in 2 Hideen layer  15
Accuracy on Training Set  66.48540583766493 %
Training Confusion Matrix
[[10100  2393     0     0     0     0     0     0     0     0]
 [ 4071  6528     0     0     0     0     0     0     0     0]
 [  269   937     0     0     0     0     0     0     0     0]
 [  102   411     0     0     0     0     0     0     0     0]
 [   39    54     0     0     0     0     0     0     0     0]
 [   45     9     0     0     0     0     0     0     0     0]
 [    8    28     0     0     0     0     0     0     0     0]
 [    0     6     0     0     0     0     0     0     0     0]
 [    3     2     0     0     0     0     0     0     0     0]
 [    5     0     0     0     0     0     0     0     0     0]]
Accuracy on Test Set  65.0841 %
Confusion Matrix for Test Set
[[397802 103407      0      0      0      0      0      0      0      0]
 [169459 253039      0      0      0      0      0      0      0      0]
 [  9550  38072      0      0      0      0      0      0      0      0]
 [  5087  16034      0      0      0      0      0      0      0      0]
 [  1457   2428      0      0      0      0      0      0      0      0]
 [  1616    380      0      0      0      0      0      0      0      0]
 [   206   1218      0      0      0      0      0      0      0      0]
 [    44    186      0      0      0      0      0      0      0      0]
 [     4      8      0      0      0      0      0      0      0      0]
 [     3      0      0      0      0      0      0      0      0      0]]
Trained Parameters
Hidden Units in 2 Hideen layer  20
Accuracy on Training Set  57.5969612155138 %
Training Confusion Matrix
[[9593 2900    0    0    0    0    0    0    0    0]
 [5786 4812    1    0    0    0    0    0    0    0]
 [ 503  703    0    0    0    0    0    0    0    0]
 [ 188  325    0    0    0    0    0    0    0    0]
 [  51   42    0    0    0    0    0    0    0    0]
 [  34   20    0    0    0    0    0    0    0    0]
 [  13   23    0    0    0    0    0    0    0    0]
 [   3    3    0    0    0    0    0    0    0    0]
 [   3    2    0    0    0    0    0    0    0    0]
 [   2    3    0    0    0    0    0    0    0    0]]
Accuracy on Test Set  56.6384 %
Confusion Matrix for Test Set
[[378960 122231     18      0      0      0      0      0      0      0]
 [235053 187423     22      0      0      0      0      0      0      0]
 [ 20081  27540      1      0      0      0      0      0      0      0]
 [  8133  12988      0      0      0      0      0      0      0      0]
 [  2632   1253      0      0      0      0      0      0      0      0]
 [  1430    566      0      0      0      0      0      0      0      0]
 [   403   1021      0      0      0      0      0      0      0      0]
 [    63    167      0      0      0      0      0      0      0      0]
 [     8      4      0      0      0      0      0      0      0      0]
 [     0      3      0      0      0      0      0      0      0      0]]

Trained Parameters
Hidden Units in 2 Hideen layer  25
Accuracy on Training Set  66.10955617752899 %
Training Confusion Matrix
[[10715  1778     0     0     0     0     0     0     0     0]
 [ 4780  5819     0     0     0     0     0     0     0     0]
 [  271   935     0     0     0     0     0     0     0     0]
 [  173   340     0     0     0     0     0     0     0     0]
 [   76    17     0     0     0     0     0     0     0     0]
 [   46     8     0     0     0     0     0     0     0     0]
 [    9    27     0     0     0     0     0     0     0     0]
 [    2     4     0     0     0     0     0     0     0     0]
 [    5     0     0     0     0     0     0     0     0     0]
 [    5     0     0     0     0     0     0     0     0     0]]
Accuracy on Test Set  65.4965 %
Confusion Matrix for Test Set
[[423495  77714      0      0      0      0      0      0      0      0]
 [191028 231470      0      0      0      0      0      0      0      0]
 [ 10901  36721      0      0      0      0      0      0      0      0]
 [  7699  13422      0      0      0      0      0      0      0      0]
 [  3156    729      0      0      0      0      0      0      0      0]
 [  1653    343      0      0      0      0      0      0      0      0]
 [   329   1095      0      0      0      0      0      0      0      0]
 [    78    152      0      0      0      0      0      0      0      0]
 [     9      3      0      0      0      0      0      0      0      0]
 [     3      0      0      0      0      0      0      0      0      0]]
